Indices 1666111111

51, 44, 44 1 Tim 6, 9
52, 4 116663, 2
a. 6 1 0013, 8
11- 44 Εο01151,35
53, 4,, 2,19
. 116111 12 2
27116317
.. Ps 36, 5
, - 2Thess3, 6
, . 0613,11
Ε661119,1

Tractatus 11:

59, 4 4 1.,11017,20.21
4, 1661212
o Mat 11, 29
44, 44 110111 14,17
m. 44 ΡΒ 44,14

60,44411446

4., 416611, {232}
11· 18
20 1316113, 5
44, 44 18 33,14
44, 44 110111, 13, 14
44. 44 ΡΒ 33,13
44. 44 14017, 49
44. 44 2 COP, 5 2
6l,‚ Sap5, 16
4., Ps 140, 2
lThess5‚ 17
44. 44 2 ’11111 2,12
62, 4 Is 54, 13
4ο Rom 3, 23
44. 44 Ρ8 76, 3
63, 616 2Ρ11120, 17
11 2518
2⁰ 2Cor7, 6
44, 44 1 130115, 5
1664, 6
64, 44 Ερ114, 2
65, 4. 4 171 12,13
Cor 13, 11
66, 44- 44 1101112, 9
68, m 1612324
1., 20611,12
η, 44 68 17, ,10
14.st 1 stan, 3, 21
1⁸ 15 48, ae'
57, 21
1, 1 ThessS, 3
44) 1810113, 11
44 ,Ρ10924, 22
44, ,144 1ps 145, '4

502

63, 44, ,44 Rom 3-5
44 (11116, 14
69, 4 1 001· 13, 6
44 11163 16, 7
4444 2 CO? 10,13
44 (10115224
Μ16116, 8
70, 44, ,44 18 36, 6
44 1116111,7
11167, 24
61- 66 ls 40, 6. 7
66611 14, 18
1661, 10
1Ρ6111, 24
71, 44- 44 10811 11, 23
72, 4 500116, 14
η ι, 1611468. 69
73, 4 4 101· 10 6
11611, 18
1611 Psae‚9
45,11
44. ῃ Ρ11114, 18
44 ’106 3, ῃ
7410 061111, 30
75, 44. 44 PS 29, 7

66· 61,8
16-61 9
1

764 2· 6
44,46,101) 7,18
44- 44 Ps 51,10
1136111, 13
16- 11 1111111118,21-23
77, 61 841062, 7
11· 16 16165,7
73, 44. 44 018122, 21
79, 4 (1615, 26
6- 11 161115, 44
80, 0 Luc 14', 27
6 Ε66116, 10
16 Luc 24, 35
11 Mat 27, 22
81,10 5, 3
11 16 Prov 31, 10
16-11 (361118,7
16· 66 Luc 10, 42
1166 17, 10

82³¹4 Ps24‚16

, 166116, 61
4. 4 Mat 16, 24
11169, 23
10111 0181 25, 41
44 1 CO? 1,13
44, 44 Ρ8 111, 7
44, 44 Mat 24, 30

1
;1

46

 

