zm, 98
80· 81

251, 11
11· 11
11· 11

252,1.2

Μ
⁵
7-9
18

Indlees locorum.

1101117,25
7,18
11111 15, 5
Ρ11114, 13
111115, 3
111113, 87
Ρ189,14
Gen 18, 3
2011 12, 9
Ps 22, 4
Snp8, 4

- Eecli 6, 3

254184
4·'1
7·8
11· 18
28· 84
24· 26

1114, 19
Μ119,9
1111112, 14
Luc 5, 27
1011114,6
1711116,19
111118, 31. 32
1 Τ11116, 12
Μ1119,17
19, 21
16, 24
16, 24
11119,ζό
11117, 14
1ο11113,16
15, 20
Mat 10, 24
Luc 6, 40
11111317
14, 21
228112 42120
2Ρ1132,7
1 11111113, 59
9, 10
1149,18
111131. 21

, lobs, 11

Ps 18,11
118,103

11 2Esd1· 13 22

257, 1· 11

10 11
11 11
11
11
11 11
11 ε
258, 1
1
1
1 1
1 1
6

11111181
18,10

11111111 33

zwmi,ae

Tit3, 9

1 Cor 14, 33

Ps 83,12

20,4
11111829

258, 11. 1³ PS 150, 1
1111 Μ1118, 10

11· 1ο 811108
11 loun 17, 21
259, 11 111113, 22
260,11-11 1011ξῆ2
1111 Μ1118,1
14111933

1111946

11 Μ115,9

11 1160,ῃ
1111 6521

,,,ᾒιξξῑ 111111, 1 11

1· 1 11116, 24
1· 11 6, 20
Μ115, 3
1111 1138,3
2111114
310113. 4
w, 2 ps ¹41, 6
11 Ρ1111 2, 21
1 Rom 8, 28
263,ι 1111116, 18
1 a Ps 140, 8
³ 24, 2
4 2Cor’1, 3
1· 11 Ps 50, 2
68,17
11.12 1)1111 9, 17
11· 11 18187
18-15 2 048017 6, 25

Tractatus V:

267, ,- g Ps2, 12
ffiss, 16, 27 146111 12, 7
η. 20 PS 118, ffi

w, 3⁰4¹} 17, 36

' 1 13,17
270, 22⁷„ 11:1¹¹aeae
272,- 11111 12, 25

11-111Ρ1115,.89

11-118001212
275, 1111 111210 14, 88
27922M³ P884,5
281,,., 24,15

loan15,16‚ 19 284, 11-111 111118, 38

Gal 1,'15
Ier 31, 3

285,,-, 112125',42
,1 Laenas

510

 

