Indices locorum.

135, ³-5 101111 3, 29
1ο Ps 150, 2
28 150, 6
31. 28 Dan 7, 14
13 3ο Act 19, 17
136, 3. ³ 68113, 39
1131114, 16
111. 20 prov 23, 27
2, 1³8 118, ’35

²⁸ Eccli 3, 22

3 1804, 7
33. 33 2 ΡίΙ· w, 26
15. 33 1804, 7
20 Ρ1ον 2, 7
3, 82
2, Ps 118, 130
2⁸ Luc 24, 45
29 MR! 11, 25
Luc 10, 21
138, 7 101) 5, 9 1
⁴ 70⁸ ΡΒ 134, 6
,1,3 18 40, 28
11 Eccli 11, 4

137,ι

Tractatus 1111:
113, 5., 1³4 84, 9

,10 1084ss 12
144, 3 3 PS 34, 3
33. 17 1 Reg,3, 16
1‘1· 13 ΡΒ 118,125
18 77,1
10 20 9911132, 12
33-33 ΕΧο11 a), 19
13· 11 1 11θὲ 3, ¹⁰
'⁶⁷ 1221122, 11
12
1³ 1 (2013, 7
14. 15 101) 32, 6
3ο. 33 Rom 2,13
1,331 '22
33. 33 10811 6, 69
33. 33 Ι Ρο11 1, 7
146„ 11311111
⁸ Ιο3116, 64
10. 33 ΕΟΕΙ 9,17
33- 33 PS 93,12. 13
33. 33 Hebr’h 1. 2
11 13 18 23, 4
147, 33 101) 46, 28
33- -33 1 ,11111213
33. 33 Deutss 6. 7
20 ³1 10811 12, 48

148, 0 Eccl3, 19

151,1 1

152, 11· 13
, 153, 18· 11

155, ³0

,11-11

9.10 Ioan l5,5
,ο Luc 18, 19
2114011'1, 25
1 113322
lob 42,2
lTim6‚ 17
Ier 28, 24
Ps 24, 6
Sap 14, 5
Tob4, 7
Ps 142, 7
142, 6
142 10
loun 1⁸15
3Reg 2, 4
Gen 17, l
Sap 1, '1
134118, 32
3 10 8: 36
33 PS 24, 5
19 1 11111113, 22
10113, 5
1, 13118120
33 2 1710011 7, 38
1s29, 18
Μ3115,8
Μ1137,6
10811 16, 13
Mat 10, 20
20011‚3
Ps 88,3
Ρ1ον 23,16
33 Ρ8 3, 4
,9,,0 118,111
20 ffl, 9
141,6
58,17
1311619
33 1011 33, 16
1 1011114,7
13 5,1
1 01111345
111314, 10
Μ1135,8

25-27

311

s-12
18· 19

20· 21

22-25

156, 3-1 131* 20, 11

0 111313 4, 39
m PS ὦ, 1
10111 2613
11· 11 18, 15
33 2 Tim 2, 3

157, ,ΜΟ ler 10, 23

³1 Abd 4

158„ Ps90,4

10 Rom 11, 25

148, 9 20011’2, 11 159, 21. 22 Gen 18, 27

505

 

